*** Settings ***
Library           Selenium2Library
Library           Collections
Library           HttpLibrary.HTTP
Library           UtilLibrary.py

*** Test Cases ***
New User Registration
    [Tags]    API
    Create Http Context    10.10.2.40:8081
    Set Request Header    accept    application/json
    Set Request Header    Content-Type    application/json
    Set Basic Auth    PatientPortal    Spectra_42
    ${username}=    GenerateRandomString    7
    ${password}=    GenerateRandomString    7
    Set Request Body    {"UserId":0,"FirstName":"SSD","LastName":"sdgs","EmailId":"abc@ac.com","PhoneNumber":"346346","Answer":"1","QuestionId":1,"DateOfBirth":"07/01/1999","AddressLine1":"asdf","AddressLine2":"asdhgs","UserName":"${username}@asw.com","Password":"${password}@999" ,"IsAgreedToLicense":true,"CityID":1,"CityName":null,"CountryID":222,"StateID":2,"StateName":null,"ProfilePhoto":[137,80,78,71,13,10,26,10,0,0,0,13,73,72,68,82,0,0,0,128,0,0,0,128,8,6,0,0,0,195,62,97,203,0,0,0,1,115,82,71,66,0,174,206,28,233,0,0,0,4,103,65,77,65,0,0,177,143,11,252,97,5,0,0,0,6,98,75,71,68,0,0,0,0,0,0,249,67,187,127,0,0,0,9,118,112,65,103,0,0,0,128,0,0,0,128,0,48,225,49,154,0,0,0,37,116,69,88,116,99,114,101,97,116,101,45,100,97,116,101,0,50,48,48,57,45,48,57,45,50,56,84,49,49,58,50,55,58,53,55,45,48,52,58,48,48,123,99,160,160,0,0,0,37,116,69,88,116,109,111,100,105,102,121,45,100,97,116,101,0,50,48,48,57,45,48,53,45,50,57,84,49,55,58,49,53,58,50,48,45,48,52,58,48,48,152,227,9,20,0,0,47,157,73,68,65,84,120,94,237,93,5,116,20,103,23,157,221,16,172,56,165,120,177,210,66,129,210,98,197,138,22,247,226,46,33,64,113,138,123,129,32,197,131,70,208,224,238,14,193,3,193,45,56,68,176,64,140,36,64,18,236,254,239,126,217,161,75,186,180,132,159,182,44,221,119,206,61,179,51,59,51,59,243,221,231,51,59,163,217,196,38,54,177,137,77,108,98,19,155,252,151,196,96,48,112,146,89,80,73,144,218,52,111,147,143,93,140,70,35,201,79,110,103,103,215,220,222,222,222,91,166,143,101,217,214,4,9,18,84,150,249,68,2,211,154,54,249,168,68,8,38,249,9,69,42,36,74,148,104,125,210,164,73,159,164,76,153,18,132,44,131,16,31,38,203,221,147,36,73,82,80,190,51,202,212,180,165,77,172,90,132,84,146,111,16,66,243,11,177,179,147,37,75,22,146,58,117,106,100,205,154,21,185,115,231,198,87,95,125,133,60,121,242,224,211,79,63,133,172,3,89,199,79,214,25,150,60,121,242,44,95,127,253,181,102,83,4,43,21,186,122,33,87,251,228,147,79,50,11,153,131,82,164,72,225,155,38,77,26,100,207,158,29,69,138,20,65,193,130,5,145,54,109,90,136,130,32,91,182,108,40,89,178,36,190,251,238,59,124,246,217,103,144,245,95,136,103,56,37,138,226,32,72,41,219,153,246,106,19,171,16,33,77,19,18,83,164,74,149,170,141,124,62,33,68,63,39,241,63,252,240,3,126,252,241,71,101,249,36,94,86,125,5,89,31,133,11,23,70,141,26,53,148,130,164,79,159,30,178,109,180,120,134,237,233,210,165,171,42,72,36,224,238,109,242,161,10,137,23,203,77,40,22,91,73,136,219,34,132,69,147,248,114,229,202,161,113,227,198,40,93,186,52,68,41,94,35,222,28,226,53,144,41,83,38,84,175,94,29,77,155,54,69,209,162,69,145,49,99,70,122,133,176,12,25,50,204,149,239,190,149,169,81,150,201,234,54,249,96,68,44,156,196,27,133,240,130,66,150,187,88,111,40,221,122,217,178,101,209,161,67,7,52,106,212,72,185,121,18,44,171,91,132,84,6,175,144,56,113,98,21,34,28,28,28,208,166,77,27,20,42,84,8,153,51,103,38,2,36,119,248,245,115,17,153,106,50,145,77,109,242,175,9,137,167,136,85,102,21,171,28,46,22,234,47,164,160,84,169,82,232,214,173,27,122,246,236,169,220,185,185,187,151,178,79,205,235,202,64,194,249,153,224,119,146,48,178,34,80,83,230,8,85,171,86,197,128,1,3,208,182,109,91,165,20,178,255,23,226,85,206,230,204,153,211,81,144,74,160,229,202,149,139,135,97,147,191,83,238,93,74,169,141,148,92,236,170,167,209,222,119,167,150,4,65,90,130,140,153,50,165,202,146,37,75,123,177,198,211,98,225,47,138,21,43,134,30,61,122,96,236,216,177,168,93,187,246,107,238,158,132,74,118,175,150,209,194,117,226,205,73,39,88,18,82,65,184,14,193,202,64,72,70,251,246,237,49,110,220,56,180,108,217,18,249,243,231,231,178,24,201,37,118,126,249,229,151,213,165,138,72,196,132,211,38,127,147,248,30,77,162,249,30,75,156,226,218,129,100,109,47,110,77,176,220,203,195,184,109,176,99,138,101,185,114,102,219,147,61,71,142,232,111,191,253,22,157,59,119,134,171,171,171,178,124,122,1,18,44,155,42,114,165,2,80,73,29,51,124,126,230,50,115,226,117,210,117,226,77,229,32,164,130,80,74,195,41,251,5,223,127,255,61,70,140,24,129,105,211,166,169,156,34,95,190,124,16,5,8,151,114,113,190,124,46,36,48,10,98,15,218,38,239,71,124,189,236,68,1,12,201,125,143,100,112,189,188,43,217,211,125,243,19,160,83,227,116,248,38,95,14,20,40,80,0,237,218,181,195,162,69,139,48,97,194,4,149,197,147,84,217,76,77,105,237,226,33,148,66,48,185,163,75,39,193,113,137,55,39,221,156,120,86,6,84,24,146,79,240,179,132,27,252,244,211,79,152,51,103,14,166,79,159,174,60,13,61,130,16,127,251,155,111,190,25,37,202,152,93,20,77,147,112,17,123,2,54,121,119,185,182,79,211,252,143,127,175,221,244,202,220,246,218,222,108,209,39,150,219,225,151,214,233,240,245,215,249,84,98,183,120,241,98,172,92,185,18,117,234,212,81,196,201,38,202,178,165,26,64,142,28,57,104,157,202,125,179,233,67,226,72,232,95,89,123,92,226,169,68,220,31,193,62,2,149,136,83,238,155,57,198,134,13,27,48,121,242,100,84,174,92,25,162,0,47,69,1,206,139,34,118,148,220,35,181,84,17,154,36,144,177,39,99,147,248,137,196,103,205,115,73,10,173,143,99,210,244,151,60,191,221,115,126,67,70,172,30,159,16,205,26,86,192,140,25,51,177,111,223,62,244,234,213,75,185,117,89,93,17,175,19,35,68,40,247,204,122,159,101,32,189,0,191,35,225,58,233,113,137,215,73,143,75,188,78,58,193,110,161,84,26,234,55,117,148,40,81,2,206,206,206,240,244,244,196,168,81,163,84,201,41,164,199,72,62,178,91,66,70,205,226,197,139,39,22,196,158,148,77,222,78,216,130,149,196,42,241,151,95,229,175,85,187,202,151,158,222,235,203,62,219,231,150,28,107,166,151,192,182,173,155,49,126,252,120,213,190,213,19,57,146,148,55,111,94,85,183,51,12,80,1,56,255,197,23,95,168,242,143,241,159,100,155,147,110,201,205,147,244,184,196,235,164,235,196,115,95,244,38,236,15,48,172,112,74,15,195,176,176,118,237,90,236,216,177,3,221,187,119,87,77,39,33,62,188,100,201,146,11,75,151,46,93,68,96,148,101,166,51,180,137,69,145,88,74,226,237,132,192,162,18,67,61,190,41,248,93,68,203,6,223,194,123,93,77,44,115,74,130,81,61,139,160,68,201,82,42,134,147,124,146,196,60,128,131,205,38,15,171,0,182,115,25,147,169,32,82,158,169,250,157,36,255,63,214,174,147,110,78,60,247,75,207,66,242,9,206,243,55,153,140,110,222,188,89,229,37,172,24,120,108,130,59,226,25,198,148,47,95,62,103,153,50,101,52,249,108,58,99,155,40,97,230,44,131,168,73,252,204,41,238,115,156,88,241,93,177,30,137,243,77,224,50,185,11,246,46,107,128,73,93,18,162,68,94,150,116,6,69,22,107,242,138,21,43,170,214,46,27,62,116,197,122,143,95,60,136,10,5,36,134,4,191,47,107,143,75,60,147,75,122,24,130,161,134,224,103,122,162,193,131,7,171,252,96,226,196,137,202,59,8,233,47,43,84,168,112,65,142,183,115,165,74,149,210,202,177,107,146,55,152,70,224,63,42,36,93,92,164,38,196,165,149,65,235,34,22,236,35,68,190,172,89,179,38,134,12,25,2,231,105,51,48,213,169,17,60,151,86,198,6,151,210,232,216,248,11,20,46,84,0,213,170,85,3,215,169,82,165,10,100,80,117,119,251,154,251,39,17,36,248,77,73,221,255,99,237,58,241,36,156,201,38,19,77,130,30,135,97,135,96,254,65,5,101,239,96,233,210,165,24,52,104,16,106,213,170,5,33,255,169,28,183,103,213,170,85,107,203,121,36,169,94,189,186,38,203,76,35,242,31,18,38,70,66,120,82,153,254,36,164,239,43,85,170,212,83,102,210,93,186,116,81,37,93,251,246,142,40,84,32,11,86,186,150,69,84,248,28,68,71,44,134,255,217,49,24,209,171,140,100,253,181,84,191,94,6,78,37,93,236,252,209,253,179,101,75,247,175,147,255,119,90,187,78,124,92,210,233,121,244,75,204,156,50,25,165,7,152,58,117,170,234,83,240,252,168,188,66,126,132,76,23,137,82,20,147,82,210,78,166,166,145,249,200,69,50,99,18,111,39,150,95,66,226,246,50,137,137,145,116,227,173,90,181,194,176,97,195,212,0,209,130,53,131,29,42,21,51,224,236,166,236,8,245,175,35,104,136,139,187,203,99,98,247,52,168,91,163,44,170,86,173,166,44,76,182,87,151,114,233,118,153,15,144,48,146,29,215,218,227,18,175,147,30,151,120,157,244,184,196,235,164,199,37,94,39,221,156,120,30,63,195,16,201,39,248,153,222,137,215,21,216,68,98,18,203,214,50,123,8,82,194,222,171,87,175,222,111,162,36,185,228,179,38,159,77,35,245,145,9,137,151,129,48,136,187,206,45,49,123,162,88,110,32,137,111,216,176,161,42,231,216,193,35,137,172,207,153,176,21,44,248,29,126,110,250,53,214,142,55,224,228,42,123,156,88,149,24,171,198,216,161,91,29,123,212,248,177,132,184,255,170,175,220,63,59,116,28,120,146,250,111,89,59,73,55,39,158,158,136,10,201,144,68,48,55,225,148,199,75,37,159,50,101,138,10,115,205,155,55,167,135,120,89,191,126,253,139,50,22,93,27,53,106,148,86,166,90,147,38,77,76,35,103,229,194,142,152,196,59,102,190,233,132,176,30,98,181,151,197,213,191,172,91,183,46,28,29,29,213,96,48,137,99,156,102,153,198,65,227,165,216,174,93,187,161,99,235,218,232,85,63,49,198,119,50,8,140,232,90,203,128,90,223,167,65,181,202,21,85,227,133,238,159,110,159,132,145,108,18,31,215,218,117,152,43,128,185,18,88,178,126,115,171,143,175,181,155,19,79,210,217,166,38,88,157,240,88,9,122,3,230,47,189,123,247,86,57,2,13,160,89,179,102,108,47,63,21,226,247,201,231,186,162,24,73,4,154,44,51,141,164,149,10,19,28,177,244,236,66,216,110,81,132,103,116,123,45,90,180,80,228,147,68,146,194,230,12,7,143,214,240,203,47,191,168,1,161,98,56,182,111,143,70,53,74,160,123,189,164,232,93,223,128,154,197,210,160,250,143,165,213,118,180,122,18,67,114,105,237,113,93,61,9,38,169,36,142,132,48,71,96,200,224,239,115,176,25,114,216,70,230,229,98,130,151,126,91,183,110,141,6,13,26,168,36,147,74,201,223,32,137,36,153,132,235,10,16,151,120,75,214,110,78,58,9,39,88,165,208,203,241,88,8,86,46,226,242,209,191,127,127,12,31,62,28,63,255,252,179,26,27,25,135,71,82,66,58,203,49,38,145,169,105,36,173,84,152,220,72,178,83,66,226,91,56,219,183,172,141,153,192,209,213,210,226,57,144,60,233,129,3,7,170,76,153,86,193,70,10,7,131,87,224,28,218,53,199,74,231,76,112,235,167,161,65,165,92,50,136,197,148,101,146,120,221,213,147,112,90,50,173,149,131,78,235,162,50,113,63,204,43,24,115,39,77,154,132,217,179,103,195,197,197,5,115,231,206,133,135,135,135,202,206,87,173,90,133,229,203,151,99,225,194,133,42,73,99,127,159,9,219,111,191,253,134,49,99,198,40,55,205,43,140,84,22,182,156,169,24,36,145,68,255,149,181,155,147,174,19,79,165,98,197,66,242,117,112,159,244,122,84,132,126,253,250,41,133,20,101,60,33,72,43,48,141,164,149,138,156,24,81,66,16,78,226,105,69,116,247,180,36,18,79,205,31,57,114,164,170,155,121,242,180,254,174,93,187,162,99,199,142,104,211,214,1,3,250,214,196,169,45,73,176,246,55,3,154,148,79,132,79,211,198,90,59,21,128,22,206,253,113,64,121,43,23,45,155,219,113,123,146,166,43,83,167,78,157,20,129,84,62,42,33,179,114,122,2,110,67,101,97,46,82,190,124,121,149,80,178,162,96,82,201,125,146,44,18,196,38,19,191,99,213,193,109,120,30,122,8,226,247,36,215,220,189,199,181,118,157,116,157,120,238,159,191,195,253,50,39,208,193,125,50,81,236,211,167,15,199,225,132,24,65,218,206,157,59,155,70,210,74,133,30,64,220,220,55,98,33,55,73,60,187,120,28,20,18,207,114,207,201,201,73,89,41,61,0,79,156,196,177,155,198,16,209,186,117,91,44,90,80,8,183,78,105,240,116,51,160,79,67,35,190,248,60,181,196,232,108,202,250,72,10,115,9,146,75,210,73,56,111,222,160,39,225,254,250,246,237,171,146,75,122,18,186,124,90,25,147,78,186,93,42,0,137,52,87,0,146,64,114,72,24,73,164,53,243,119,232,165,168,104,244,48,204,13,244,68,145,201,33,67,12,67,2,215,163,23,224,118,150,172,157,251,141,75,60,143,159,214,79,80,153,120,12,4,251,5,18,146,182,200,57,164,144,49,49,141,164,149,138,184,105,77,226,124,2,59,59,187,239,237,237,237,221,36,203,127,64,11,230,0,209,90,169,8,67,135,14,85,238,143,241,159,132,209,98,29,28,218,139,43,108,142,53,171,178,226,220,225,210,88,63,243,51,204,24,90,10,53,202,228,148,24,93,93,145,170,199,78,122,16,130,215,234,9,42,1,247,77,37,98,185,69,242,25,18,120,13,159,49,254,77,10,160,151,148,230,10,64,23,207,88,207,28,128,57,7,195,15,19,69,38,142,204,95,152,115,176,228,212,155,77,60,55,126,199,109,227,90,123,92,226,205,73,103,69,35,57,202,11,57,150,43,50,29,42,243,57,229,252,52,86,4,31,133,72,162,167,37,76,152,208,94,226,126,113,129,155,148,122,15,56,128,28,32,146,105,114,123,42,249,99,12,108,219,182,157,40,66,35,204,117,255,12,7,119,116,192,130,137,95,96,222,100,7,244,118,168,136,209,18,155,25,163,121,231,15,227,52,189,8,193,171,113,4,149,129,151,106,185,95,115,5,144,12,251,189,42,0,171,9,230,31,204,69,216,113,100,78,163,223,103,64,175,17,151,244,184,196,155,72,39,94,146,120,193,80,65,46,129,65,96,26,185,143,76,100,160,52,33,223,94,166,197,197,106,220,196,106,30,48,150,115,144,152,133,235,238,159,177,208,209,177,62,230,184,165,197,225,93,237,224,49,41,39,230,78,108,133,129,157,171,97,226,196,73,42,124,80,9,88,70,233,138,48,122,244,232,87,160,18,48,254,255,211,10,64,112,25,195,129,37,210,205,137,151,223,85,196,75,110,49,84,160,136,103,213,244,159,16,134,6,113,157,246,50,45,46,112,19,87,26,196,248,202,1,99,172,110,213,170,181,120,130,6,88,48,239,51,120,237,110,141,69,147,115,96,206,132,22,24,212,185,58,38,79,158,34,89,253,100,117,161,133,25,190,174,8,186,50,232,96,56,96,53,193,228,239,159,82,0,86,35,92,135,73,32,73,183,96,237,138,120,33,250,218,127,146,248,184,34,196,19,246,146,213,151,22,120,200,160,134,50,177,42,83,166,172,120,132,90,88,236,145,1,71,118,183,196,146,201,217,69,1,154,97,112,151,26,112,118,158,166,74,53,222,137,195,242,142,138,64,143,160,43,131,14,42,1,243,11,134,20,86,8,127,183,2,48,7,96,37,64,247,207,125,144,116,51,107,103,21,65,226,111,10,198,8,190,252,79,19,31,87,100,48,137,68,98,65,101,4,30,153,50,101,14,41,86,236,11,201,1,82,226,168,103,115,44,157,34,10,48,190,49,134,116,171,169,238,8,154,54,109,186,186,19,135,45,85,115,69,208,161,135,8,230,6,172,10,24,86,254,46,5,96,18,72,242,185,30,203,68,186,127,38,126,220,175,78,188,148,120,55,5,99,4,121,101,222,104,35,254,13,34,249,0,33,138,144,185,76,145,34,25,23,207,159,147,244,177,183,103,19,44,155,154,13,115,126,107,136,161,221,107,97,214,236,217,152,57,115,166,106,218,240,226,138,174,8,186,50,152,43,4,115,131,95,127,253,85,85,12,84,2,246,1,222,183,2,240,51,73,231,85,62,134,47,122,1,198,125,33,251,53,226,229,183,140,2,211,153,218,228,79,229,202,21,123,205,223,63,241,167,123,118,218,123,123,123,54,196,114,231,207,225,62,238,39,12,235,94,27,174,174,110,170,163,55,107,214,44,241,6,51,94,83,4,134,6,29,84,4,230,5,122,163,137,149,6,203,67,42,193,251,80,0,182,155,185,156,113,158,253,8,38,155,84,50,217,246,165,184,253,155,178,239,49,130,188,213,170,85,51,242,122,136,77,226,33,128,66,202,3,123,237,15,121,123,214,199,10,231,172,162,0,117,49,188,103,29,204,153,51,23,110,110,110,170,117,203,246,46,189,129,174,8,58,168,16,84,2,230,5,122,179,137,253,1,150,154,84,2,90,42,27,46,255,143,2,48,214,139,43,71,253,250,245,85,5,195,30,6,27,89,249,242,229,219,45,33,32,175,40,133,81,200,55,157,145,77,226,37,186,2,28,218,111,127,248,248,222,122,88,53,45,11,220,199,214,198,136,94,117,49,127,254,2,213,207,119,119,119,87,74,64,208,35,144,120,198,126,246,2,134,72,242,55,112,224,32,244,233,219,23,61,123,246,82,125,1,146,207,41,137,162,165,178,50,96,127,95,220,179,82,0,139,157,64,81,128,188,121,121,139,217,235,10,192,207,84,28,118,22,89,106,178,228,100,194,201,102,86,206,156,57,71,246,235,215,207,116,38,54,121,39,209,21,192,235,96,130,195,39,246,213,198,234,233,153,225,54,166,6,70,254,82,15,11,61,60,176,96,193,2,81,132,249,234,15,26,140,253,253,197,186,29,121,101,207,209,1,125,127,233,134,113,35,7,97,218,132,17,112,30,63,28,19,71,15,198,224,126,61,208,209,177,157,34,157,174,186,157,131,131,34,142,158,128,57,1,255,3,72,87,78,5,40,82,148,119,23,21,70,225,66,223,161,104,225,111,81,232,219,2,40,144,143,119,25,231,66,214,207,179,33,115,230,172,170,203,199,164,146,205,38,42,21,201,103,222,33,10,240,50,93,186,116,14,162,36,166,51,177,201,59,137,174,0,71,15,39,56,124,114,127,77,172,153,33,10,48,186,26,70,245,254,9,75,150,44,85,119,221,178,28,236,46,46,183,105,147,198,232,241,115,27,120,204,24,142,147,59,230,226,238,153,245,120,120,117,59,30,221,220,131,199,55,61,213,52,228,242,118,92,241,90,137,141,139,167,96,112,223,46,104,212,176,129,88,111,35,85,30,210,138,153,192,149,21,5,168,84,161,44,58,182,172,141,105,67,91,98,227,116,71,236,113,113,192,174,25,205,176,117,82,61,204,27,88,1,125,155,22,66,165,226,95,160,96,254,60,40,83,182,156,106,89,179,29,77,242,169,140,93,186,116,121,156,56,113,226,31,165,42,48,157,137,77,222,73,116,5,56,118,36,193,225,83,251,171,97,237,204,76,112,115,170,172,66,192,188,121,243,209,91,18,186,186,117,235,160,71,135,38,216,50,127,56,238,28,157,135,39,151,87,35,234,218,70,68,93,223,130,168,155,219,17,229,187,19,209,190,187,17,237,183,7,49,254,123,240,52,192,19,207,2,246,32,244,226,38,236,92,225,140,46,29,90,41,226,107,213,146,132,176,90,21,12,234,222,10,7,150,13,199,131,131,19,17,121,244,55,68,30,250,21,225,123,251,33,108,103,87,132,108,110,139,160,181,13,113,119,105,53,248,204,42,137,197,191,228,65,243,242,153,80,32,79,14,84,175,89,75,133,30,254,75,73,20,234,190,28,126,190,132,9,19,198,158,136,77,222,77,116,5,56,225,157,224,208,233,3,85,176,110,102,70,81,128,74,112,108,84,20,245,126,170,143,198,117,43,99,233,228,46,184,179,127,50,30,157,113,199,163,115,11,241,200,103,25,30,95,90,141,39,87,214,227,201,181,77,136,186,177,21,209,162,8,209,74,17,118,34,198,111,151,96,39,158,10,158,249,237,192,173,99,203,48,225,215,158,104,211,188,1,214,207,25,134,176,147,115,16,117,214,13,143,142,59,35,226,200,56,60,60,48,12,161,123,250,32,120,91,103,60,216,216,26,129,171,235,139,2,84,193,157,5,165,112,219,237,27,92,153,156,29,75,59,167,65,181,111,147,163,208,119,5,165,218,24,197,68,242,130,28,126,198,4,9,18,196,158,136,77,226,47,221,139,104,90,117,123,205,126,195,56,67,145,99,7,19,156,59,115,176,18,214,207,202,0,247,209,21,81,191,92,102,244,117,168,130,179,171,122,227,225,225,177,8,247,158,130,240,19,179,16,113,122,14,34,207,121,152,148,96,149,40,193,58,241,6,155,16,45,222,32,250,230,54,196,248,110,23,236,136,85,0,153,62,149,249,103,190,91,17,238,179,26,254,94,243,17,117,105,41,162,206,47,192,227,211,46,136,60,62,21,17,94,99,241,112,255,80,132,238,238,45,10,240,51,130,54,180,66,224,170,159,112,119,73,37,220,154,251,61,252,103,229,133,239,212,44,240,157,144,10,167,134,38,198,128,234,246,200,155,227,51,164,72,153,106,79,207,210,90,206,21,29,18,149,88,209,37,117,101,247,86,137,11,141,169,162,37,155,92,219,116,114,54,249,115,233,81,65,211,90,20,208,146,76,104,149,109,212,126,143,182,119,207,28,201,249,226,236,161,242,216,56,59,3,92,71,85,192,132,86,105,112,115,105,125,132,238,29,140,208,3,35,17,230,245,27,30,30,19,194,78,206,70,228,153,185,120,116,222,3,143,69,9,158,136,18,68,41,37,216,136,232,27,91,16,99,82,2,69,190,88,63,21,224,233,205,173,120,122,99,35,158,94,91,131,232,139,75,241,228,220,60,81,0,217,207,177,201,162,0,163,69,1,134,32,116,87,47,4,111,110,143,251,107,26,224,222,146,31,113,123,94,49,4,204,254,26,126,211,178,227,230,164,244,184,254,91,74,92,31,147,8,231,134,25,49,165,145,17,237,202,38,11,216,63,177,204,185,75,27,6,70,222,216,55,43,198,123,113,183,16,143,238,185,150,58,213,208,50,142,175,111,52,157,165,77,222,40,125,171,36,208,122,148,211,138,175,28,215,56,52,236,214,126,92,187,84,2,103,15,253,128,77,46,233,225,50,178,44,220,59,164,192,157,37,85,16,188,187,47,66,246,14,65,216,65,39,60,60,50,1,225,199,167,33,242,148,11,30,157,21,18,207,47,194,147,139,203,16,117,121,21,162,175,174,19,47,176,17,49,162,4,79,125,183,41,242,159,153,66,0,61,192,211,235,27,16,115,117,181,40,192,18,81,128,185,120,124,106,38,34,189,39,34,252,224,175,8,219,213,19,193,27,91,226,254,202,90,184,183,184,60,238,204,251,30,183,220,10,34,96,214,87,162,0,217,94,41,192,213,209,137,112,86,20,224,64,223,4,56,61,179,60,130,142,76,71,204,131,11,120,26,230,135,251,167,87,96,247,212,58,47,166,54,73,212,209,205,33,181,233,44,109,242,70,25,82,51,145,54,160,170,177,226,198,41,45,162,130,47,175,196,117,159,66,56,127,184,20,54,187,124,6,151,17,63,192,205,49,5,2,196,5,7,109,239,142,144,61,253,17,186,127,184,132,130,49,8,63,58,9,17,199,167,35,242,180,107,172,18,92,88,132,40,81,130,232,43,171,17,115,109,189,40,192,38,81,128,173,138,248,231,254,59,21,94,41,192,149,149,136,246,17,165,97,252,63,38,228,239,31,136,176,109,29,17,188,161,41,130,86,213,193,253,101,85,112,111,81,89,220,153,255,6,5,112,74,132,211,67,12,240,26,34,202,185,161,61,34,207,47,70,244,237,163,120,226,235,137,251,7,199,227,160,115,101,184,182,78,218,111,69,247,244,166,179,180,201,27,101,120,45,163,54,224,71,137,161,131,139,223,240,23,11,191,118,246,75,92,240,42,129,45,174,233,48,251,215,82,112,235,144,82,197,223,7,155,218,35,120,231,47,8,241,20,178,14,140,192,67,137,217,17,222,147,17,121,98,6,30,157,118,195,227,115,243,241,196,103,177,196,246,229,98,225,107,20,209,79,111,110,193,115,42,64,192,46,188,16,60,167,66,92,95,135,24,198,255,51,179,241,216,203,9,17,158,146,91,108,239,136,208,205,173,17,188,190,241,235,10,160,60,192,55,240,159,249,37,252,156,63,23,5,248,12,215,199,165,16,5,72,136,147,131,12,56,53,54,155,28,83,79,68,82,1,47,175,69,248,73,23,220,221,224,128,3,35,115,63,94,208,198,88,109,169,163,173,50,248,75,25,83,199,160,53,200,162,37,240,248,57,253,252,179,243,127,196,181,227,25,224,115,164,56,182,186,125,42,10,80,28,115,58,167,135,223,244,156,146,145,55,20,47,32,229,217,174,222,42,31,120,120,112,36,194,189,198,33,226,216,20,60,58,57,19,143,207,184,225,201,121,73,238,46,138,53,94,94,33,113,126,45,158,137,23,120,238,183,77,145,255,34,64,188,192,13,81,138,139,30,136,62,57,85,200,255,21,145,251,250,33,98,119,119,81,128,14,8,221,212,10,193,235,26,225,193,170,218,184,191,180,50,238,121,148,17,5,40,134,91,174,5,68,1,114,75,2,152,21,55,39,166,19,5,72,142,43,163,236,113,124,144,17,87,102,20,80,219,133,239,27,128,240,195,78,8,222,209,13,126,238,197,112,96,192,39,199,23,183,209,62,91,217,193,246,64,234,183,146,101,142,246,218,188,86,118,85,246,15,77,28,126,249,160,61,46,122,127,143,109,238,162,0,195,139,97,97,223,252,146,132,229,197,157,69,21,240,96,115,7,4,111,239,134,16,201,7,194,246,13,65,248,161,81,82,190,73,253,78,37,144,88,254,228,172,59,162,46,44,80,241,157,110,254,169,88,251,243,155,155,240,194,87,20,225,170,204,159,119,23,242,39,33,234,168,19,30,31,26,42,10,208,23,225,187,186,137,251,119,20,34,91,32,120,109,3,60,88,89,19,129,146,252,221,93,88,26,183,231,22,193,45,151,252,240,159,241,133,170,0,110,76,72,139,235,99,63,193,165,17,118,56,57,44,41,238,174,168,141,71,251,251,43,132,110,106,137,187,11,74,226,202,184,52,47,15,245,53,244,123,225,154,64,91,99,83,128,183,19,143,54,154,54,169,138,150,120,223,48,195,188,75,251,237,112,249,88,17,236,112,79,139,89,195,10,97,201,240,178,226,142,203,225,150,123,33,220,95,223,2,65,91,58,34,100,103,119,169,215,251,169,178,141,74,16,121,116,188,212,242,98,213,167,102,73,93,47,36,139,18,196,248,120,32,70,172,253,169,207,60,60,59,239,138,167,103,103,32,230,212,20,68,31,251,13,79,188,70,224,209,129,65,226,254,127,65,248,206,206,8,219,218,14,33,27,154,33,104,205,79,184,191,162,58,2,23,87,80,100,222,158,83,40,182,2,16,15,228,59,37,19,110,140,79,141,107,99,146,224,194,112,35,206,143,207,138,135,59,187,170,125,62,17,111,18,178,190,137,120,139,252,184,60,250,147,163,71,250,105,153,143,13,180,85,0,241,146,235,155,13,218,213,213,134,188,215,78,219,93,191,114,236,59,236,156,147,6,179,134,126,139,37,35,202,75,108,110,162,136,184,183,188,22,30,108,108,139,224,173,157,68,9,122,34,204,179,191,82,130,136,67,35,17,121,100,44,30,121,255,134,199,222,227,241,68,166,81,66,116,244,241,241,136,17,139,143,57,57,69,77,21,249,71,70,153,172,95,119,255,102,241,127,245,235,9,224,237,55,86,0,118,184,225,86,76,246,209,7,81,222,99,212,126,238,47,171,204,82,241,246,21,167,196,149,110,77,73,171,237,235,101,83,128,120,137,222,9,244,187,102,119,232,202,177,130,216,53,55,53,102,13,249,6,139,6,21,69,200,198,22,79,36,22,63,186,51,191,4,2,151,215,196,253,213,13,16,180,190,185,212,235,109,17,186,213,17,97,219,59,137,53,118,65,248,238,30,136,220,219,71,172,123,32,158,28,30,174,92,125,148,247,88,81,134,113,138,168,39,71,70,42,242,233,178,35,60,123,153,172,223,65,246,47,251,210,221,255,210,88,247,127,135,238,95,44,218,82,252,63,61,44,97,200,157,69,21,3,31,110,107,175,20,40,104,117,93,122,11,63,241,18,117,143,59,106,6,73,18,77,103,101,147,183,22,93,1,2,110,216,29,190,122,60,63,118,207,75,37,10,144,31,51,187,230,242,13,94,83,191,67,128,75,190,57,44,201,152,153,51,65,163,197,61,144,122,157,196,133,110,108,161,136,36,161,17,123,36,43,23,235,126,116,112,16,30,31,30,166,220,51,241,88,20,226,241,193,33,38,242,197,245,239,234,138,135,42,246,75,242,167,172,191,46,238,47,175,170,234,255,187,162,104,183,221,191,83,185,199,239,238,63,141,184,255,164,240,249,213,14,226,222,93,3,151,85,173,34,219,108,151,144,113,249,238,130,18,235,253,103,125,245,131,79,47,205,224,59,241,83,211,25,217,36,94,162,43,192,45,95,187,195,215,79,124,141,61,243,83,98,246,144,175,209,161,106,146,169,1,139,115,107,183,102,231,173,36,37,89,4,51,243,123,30,63,40,75,165,197,6,173,169,47,241,187,169,184,241,54,42,155,39,177,17,123,122,169,4,79,37,104,226,13,20,228,51,189,3,21,36,124,87,151,216,204,95,182,225,182,140,253,15,86,212,48,37,127,63,136,245,23,53,101,255,102,229,159,238,254,135,26,35,143,244,55,84,57,54,208,78,187,183,168,76,178,59,243,139,103,186,229,146,47,233,173,133,229,180,128,169,159,153,206,198,38,241,22,93,1,30,220,49,30,190,126,44,11,118,207,73,10,231,62,89,208,166,98,194,137,1,43,115,104,183,92,242,36,19,5,216,206,204,252,238,194,82,42,81,187,191,188,154,178,92,150,111,177,94,160,157,114,201,225,18,14,34,36,28,208,205,211,218,21,72,252,238,110,202,75,40,203,87,228,55,51,185,254,90,202,163,196,198,254,226,127,180,126,201,254,175,49,251,31,153,0,39,6,27,119,28,232,99,72,126,184,159,45,195,127,175,242,56,84,20,224,153,150,226,202,65,195,129,101,227,140,232,249,147,17,141,75,218,161,78,97,227,132,1,141,18,105,55,103,21,208,196,42,91,73,172,125,74,23,77,178,244,48,64,11,102,22,206,82,44,108,11,149,160,3,30,238,232,164,200,166,50,16,15,119,252,172,150,51,84,132,110,110,165,44,95,145,207,186,127,153,201,245,51,243,159,91,248,85,236,143,107,253,231,134,25,99,188,7,26,91,158,24,100,75,240,222,187,92,223,47,10,16,170,25,247,185,25,90,77,234,98,220,81,175,168,241,68,217,220,198,245,229,191,52,150,45,255,165,157,230,55,59,191,40,64,254,116,183,221,191,61,204,48,192,68,45,112,73,69,229,5,72,98,240,90,9,5,84,2,241,4,180,110,42,2,201,14,147,68,77,77,101,158,217,190,36,148,106,61,174,175,200,151,184,175,202,62,38,126,243,196,245,171,204,63,143,100,244,57,224,59,57,163,88,191,196,254,223,173,223,235,80,63,195,103,94,253,109,214,255,183,200,114,39,77,219,230,172,25,156,28,12,73,26,124,111,76,81,46,183,33,81,201,188,154,86,246,43,77,200,207,163,137,245,107,66,80,219,219,115,10,199,72,226,165,188,0,115,1,214,238,65,66,38,243,1,134,3,90,55,51,123,54,119,232,21,168,20,116,247,177,196,55,148,176,81,79,229,15,44,249,126,39,191,152,184,254,111,149,235,247,159,158,43,182,241,163,50,255,216,214,175,196,254,152,35,253,141,237,78,14,49,106,27,187,153,14,216,38,255,172,72,8,160,23,72,45,68,237,100,162,118,119,65,41,213,36,10,92,90,41,214,19,48,28,72,78,160,20,65,220,123,240,186,134,177,16,210,105,241,138,120,90,189,40,140,106,247,210,237,191,70,254,215,177,93,63,103,41,251,84,221,159,74,53,126,76,153,255,174,3,125,140,169,15,245,179,185,255,127,77,2,92,36,12,184,21,20,124,83,93,18,181,176,216,80,64,37,16,79,192,112,32,22,77,114,105,221,84,6,146,173,192,207,180,120,81,18,230,13,92,151,219,48,230,211,237,255,78,190,41,238,79,206,160,202,190,27,19,210,225,178,83,98,156,28,108,12,19,226,107,28,25,96,212,246,247,177,41,192,191,42,183,93,243,73,69,144,215,94,148,96,42,179,117,165,4,66,36,75,67,90,52,201,85,30,65,136,86,10,161,32,164,75,168,8,92,82,33,150,120,90,61,179,125,54,123,24,243,77,150,239,231,156,45,150,124,201,250,125,103,124,137,235,147,50,225,204,80,35,188,250,27,157,119,245,212,236,247,245,177,197,254,15,66,164,238,38,178,73,72,56,74,235,101,215,142,132,190,82,4,143,50,42,52,252,142,178,106,57,189,5,215,99,248,160,242,176,214,103,194,231,63,35,151,201,242,211,171,184,127,107,126,105,248,207,45,137,243,191,38,132,212,252,199,247,245,54,100,223,111,35,255,195,145,219,179,190,210,252,69,9,36,97,171,34,138,16,200,107,246,188,112,163,20,65,60,130,82,6,165,16,37,212,148,221,67,21,231,229,123,69,188,172,31,224,34,86,207,70,15,107,125,182,122,165,220,187,57,245,115,4,174,111,141,192,141,237,113,113,76,74,28,29,96,120,32,86,95,227,80,95,163,230,217,219,166,0,31,148,4,204,202,173,221,154,153,195,24,48,235,171,110,98,197,143,69,17,148,69,243,2,14,73,190,61,135,40,20,251,89,188,4,93,61,235,123,186,123,94,224,81,86,63,45,155,106,244,176,207,239,239,246,29,66,14,142,70,200,225,241,184,60,49,11,142,246,215,158,236,235,109,252,101,99,103,205,184,187,167,141,252,15,82,124,199,37,215,110,142,178,75,232,63,45,219,80,33,52,58,64,44,154,101,156,34,89,44,92,129,159,185,140,164,207,204,173,74,188,88,226,51,43,171,247,147,216,31,184,174,37,34,206,122,32,244,232,84,92,158,242,5,142,244,211,158,238,237,105,24,179,190,137,150,104,75,27,211,143,217,228,195,145,135,15,31,106,145,145,145,90,68,68,120,210,136,71,79,202,134,7,223,30,123,111,231,128,16,127,146,60,61,135,178,110,5,146,45,46,222,79,150,41,210,121,91,183,88,60,201,247,119,41,128,192,181,205,241,240,248,44,60,186,186,25,65,251,71,194,103,194,231,240,26,96,143,115,75,28,66,67,3,125,167,70,62,138,170,29,17,30,254,41,127,43,60,60,220,244,235,54,249,87,37,34,34,66,145,33,211,2,130,85,130,240,136,200,72,132,5,223,199,217,69,109,112,101,124,122,248,145,104,194,57,187,144,47,74,192,242,110,102,30,4,136,155,191,179,164,42,30,108,235,138,240,83,238,120,124,109,27,194,207,47,193,173,53,45,112,102,84,42,236,237,165,97,85,47,217,238,242,41,68,62,122,12,217,119,180,224,128,160,66,116,116,180,82,58,155,252,203,66,18,4,233,133,148,253,2,146,164,16,18,26,134,205,51,28,177,178,163,61,78,143,76,35,238,61,157,100,245,25,165,156,203,141,128,185,146,8,46,171,37,201,157,3,130,118,15,64,232,161,113,8,17,220,221,232,136,75,83,191,132,247,64,59,108,237,102,128,75,51,13,51,219,101,192,149,179,94,162,0,143,94,237,91,112,69,144,95,96,58,10,155,252,43,66,43,52,89,127,11,193,51,193,43,146,30,4,5,97,235,212,134,112,19,18,231,180,178,195,206,95,146,224,194,168,100,234,38,142,27,227,83,74,121,39,89,62,235,252,233,95,224,250,212,236,240,25,147,26,199,7,217,97,143,88,253,226,118,6,76,110,104,192,148,134,26,230,57,166,193,5,239,237,186,7,48,199,72,134,158,39,79,158,152,142,198,38,127,171,0,208,145,88,144,85,80,70,208,73,224,252,248,241,227,11,230,228,136,71,192,253,192,123,216,55,181,26,86,57,106,152,223,218,128,217,205,12,152,215,218,14,27,187,38,128,87,255,4,56,53,196,14,39,7,27,224,61,64,195,129,62,26,182,116,53,192,163,173,1,211,26,27,48,73,200,159,217,212,128,5,173,53,172,233,154,12,62,135,87,35,34,242,117,5,144,223,8,120,246,236,217,84,129,163,160,148,32,139,128,199,166,142,211,38,239,65,162,162,162,104,97,198,152,152,152,76,207,159,63,175,41,3,59,90,176,77,112,93,16,33,120,41,130,71,175,187,103,33,75,20,224,222,45,156,152,89,81,89,244,102,33,119,101,7,3,22,182,49,192,173,133,1,174,205,13,112,111,25,11,87,153,167,114,76,111,98,192,12,33,157,223,83,17,184,62,183,243,236,147,24,87,15,45,70,120,228,235,191,65,37,147,227,194,211,167,79,95,10,194,229,243,53,193,22,241,74,163,69,33,107,137,103,202,36,243,70,249,108,58,27,155,188,149,8,169,58,82,9,170,138,85,205,20,146,47,200,231,40,193,31,68,20,67,145,97,78,78,68,68,36,66,238,7,224,178,123,121,156,28,154,24,71,6,38,196,190,62,118,216,209,195,136,77,93,12,88,219,201,128,21,66,240,178,246,6,44,21,112,74,194,185,156,223,115,61,174,207,237,78,14,79,134,128,35,243,255,224,1,8,81,78,165,4,66,58,68,89,95,65,150,71,209,43,9,102,138,114,86,149,227,75,37,231,97,171,28,254,76,118,236,216,161,222,6,30,24,24,152,73,6,145,174,125,191,224,145,98,249,79,68,172,239,15,196,208,3,132,63,240,71,192,130,178,184,54,62,45,46,142,77,141,179,35,147,171,123,247,189,7,39,194,97,41,237,14,246,75,128,253,125,237,20,209,156,114,158,203,249,253,201,97,73,212,250,220,238,218,132,116,184,239,237,106,81,1,232,121,76,132,43,8,225,10,92,78,80,49,5,143,100,221,253,97,97,97,63,223,190,125,59,243,174,93,187,180,51,103,206,152,206,218,38,154,175,175,175,42,229,238,221,187,151,86,6,243,103,177,148,83,98,241,207,76,252,254,165,144,0,115,82,20,196,93,63,188,119,21,119,22,150,65,192,244,108,240,115,206,42,181,126,70,92,151,196,239,170,40,196,101,33,246,226,152,84,240,25,157,18,62,78,2,153,178,213,203,229,252,158,235,113,125,110,199,237,131,188,166,88,84,0,18,252,6,210,95,173,35,86,175,32,9,227,243,144,144,144,51,130,206,162,12,105,4,90,112,112,176,105,20,254,163,226,227,227,67,107,72,32,3,245,163,184,210,221,66,252,83,19,175,111,37,178,190,26,124,125,176,95,129,10,112,251,28,238,45,174,128,59,174,95,227,182,75,30,220,154,37,229,223,204,156,66,104,118,248,79,251,28,254,66,174,159,115,150,87,224,60,151,243,251,128,25,57,213,250,220,238,142,107,94,4,29,28,171,246,249,135,223,17,252,9,225,10,66,244,43,132,134,134,18,79,133,248,221,15,30,60,168,36,159,19,252,103,149,64,44,65,243,243,243,75,41,86,51,244,197,139,23,65,38,78,227,37,178,157,178,58,115,66,20,168,0,254,199,112,127,89,37,4,46,40,134,123,243,10,227,238,220,239,112,215,253,27,220,113,203,47,164,230,195,109,33,246,182,11,145,39,118,42,243,84,22,126,207,245,184,62,183,11,156,95,24,193,251,71,252,241,55,204,240,38,210,77,132,67,206,85,65,200,86,8,146,18,85,16,44,225,110,184,32,165,40,131,105,84,254,35,34,164,105,18,15,179,72,220,92,44,36,190,181,187,143,43,150,19,64,129,44,11,15,188,22,251,92,159,165,229,240,96,73,89,220,95,244,3,238,123,148,68,224,194,226,162,20,223,43,197,8,156,95,20,247,4,156,170,121,46,151,239,185,222,131,69,165,213,118,65,203,42,32,236,244,66,217,175,133,223,17,144,248,191,34,220,140,116,8,217,10,247,239,223,39,158,73,232,91,114,227,198,141,44,162,8,166,209,249,200,69,6,77,147,19,207,41,228,111,23,23,254,210,196,101,188,132,155,17,204,192,227,18,242,59,34,241,240,242,102,132,174,175,143,144,85,213,17,178,178,26,130,87,84,70,240,242,74,66,106,69,69,108,208,82,51,112,94,150,243,123,174,23,178,178,170,108,87,13,97,123,7,34,34,248,142,218,159,165,223,161,197,255,137,149,191,34,220,140,116,8,217,10,66,62,241,82,140,97,251,173,91,183,114,202,250,166,81,250,72,229,244,233,211,218,250,245,235,51,202,32,108,146,100,207,68,231,219,137,78,58,221,62,65,235,183,152,0,154,227,97,40,194,207,44,64,248,166,166,120,184,161,1,30,138,50,132,173,171,135,176,181,117,5,117,16,186,182,54,66,215,152,32,243,106,185,124,207,245,136,240,61,189,16,113,247,194,27,227,63,65,5,48,39,220,156,244,55,16,254,10,252,142,83,127,127,127,156,63,127,126,211,156,57,115,50,110,223,190,221,52,90,31,167,36,201,148,41,147,11,31,164,204,23,55,241,141,92,91,182,108,81,3,17,215,25,196,37,92,39,157,160,242,176,252,179,24,255,95,131,88,109,88,16,34,206,45,68,228,142,246,136,220,214,10,145,91,91,34,98,75,11,65,243,88,108,54,77,21,90,168,239,213,58,252,183,240,237,211,177,251,176,184,239,88,80,1,116,210,117,194,45,145,126,247,238,93,5,125,94,8,199,146,37,75,212,163,101,249,154,58,190,91,40,125,250,244,46,28,163,216,161,250,56,197,81,16,37,96,175,84,129,47,89,224,99,89,249,156,61,90,130,78,126,92,194,117,210,9,189,249,66,215,171,187,220,184,224,119,177,177,89,146,178,144,32,132,95,217,138,71,7,7,227,201,158,159,241,100,119,39,60,86,232,104,134,78,106,249,19,207,238,136,60,49,19,15,239,94,70,216,195,216,248,174,187,120,75,191,67,252,25,225,119,238,220,121,5,206,159,60,121,82,61,189,156,175,150,227,185,155,143,133,128,99,195,49,250,40,37,143,224,178,32,238,73,43,24,141,70,245,200,117,62,254,149,137,29,21,64,39,92,39,93,39,158,160,245,75,236,84,74,19,16,16,240,10,18,75,113,253,250,117,28,56,112,0,43,86,172,80,79,20,229,251,1,57,127,235,234,41,132,157,89,140,232,195,131,17,115,176,143,66,180,105,74,60,242,158,136,251,151,246,224,184,247,97,217,118,165,218,150,86,186,107,215,46,92,186,116,73,237,219,252,183,116,144,92,75,164,243,248,8,126,150,68,79,61,221,156,231,104,103,103,103,113,12,76,224,24,113,172,62,42,225,189,211,227,5,150,78,248,53,208,42,248,12,95,146,72,235,215,9,103,188,55,239,186,209,34,47,95,190,172,136,33,248,217,199,199,7,135,14,29,82,79,10,231,83,192,249,60,127,190,192,137,224,107,97,249,124,224,61,123,118,227,206,249,109,136,57,54,22,207,189,135,191,66,216,169,121,56,237,189,15,67,134,14,195,87,95,229,81,111,51,229,11,160,248,50,8,62,60,154,207,2,222,177,99,7,206,157,59,247,218,239,18,190,190,190,175,17,78,69,209,149,133,243,39,78,156,80,231,196,119,34,91,58,103,11,224,88,125,84,247,155,83,163,125,5,150,78,246,15,48,24,12,234,161,205,135,15,31,86,86,175,147,174,119,221,8,14,44,221,41,7,151,224,186,107,214,172,81,228,243,93,65,124,106,55,31,10,205,216,74,18,245,125,243,233,223,11,23,122,192,255,228,122,60,59,238,132,151,199,71,224,225,9,23,236,217,177,17,213,170,215,80,239,53,228,122,124,137,53,223,5,200,55,140,240,73,224,124,15,33,31,59,207,167,148,239,222,189,27,199,143,31,127,245,251,84,2,115,210,9,122,38,206,239,220,185,83,61,134,158,231,164,31,195,91,128,99,245,81,121,129,95,4,47,5,150,78,246,141,224,51,250,55,111,222,172,200,167,203,215,187,110,196,149,43,87,176,127,255,126,28,60,120,16,123,247,238,133,84,23,234,9,226,124,119,0,223,37,176,113,227,70,120,121,121,41,240,213,176,124,149,139,78,46,159,243,191,98,249,18,60,240,118,69,204,241,177,240,218,185,18,85,171,86,127,245,187,116,211,124,221,12,247,177,117,235,86,181,61,21,139,203,248,100,114,238,127,221,186,117,234,119,25,90,168,8,36,156,240,243,243,83,224,103,42,36,223,45,172,239,55,30,224,88,113,204,62,10,73,38,216,37,176,116,162,127,9,190,73,140,131,173,103,252,122,199,141,22,184,111,223,62,120,123,123,43,34,72,214,234,213,171,149,66,208,2,25,34,152,188,233,201,32,99,48,223,19,240,201,39,159,168,253,210,218,143,238,88,140,91,135,92,209,163,123,87,165,28,140,205,84,148,35,71,142,188,74,232,24,211,233,109,168,112,204,5,232,1,248,84,240,197,139,23,43,165,163,55,224,113,112,255,12,5,4,21,128,15,142,230,203,175,226,158,79,60,192,49,227,216,89,189,20,16,176,205,101,233,36,223,10,57,115,230,84,150,168,151,93,204,188,207,156,57,163,172,76,143,251,244,6,87,175,94,125,149,153,155,215,227,4,231,73,36,95,35,195,247,20,126,146,44,25,198,143,29,129,21,11,166,171,215,192,82,49,232,234,47,94,188,248,138,244,184,110,157,56,125,250,52,214,174,93,171,8,166,119,226,60,189,12,21,228,230,205,155,74,1,168,24,244,94,150,206,37,30,224,152,113,236,172,94,154,10,158,11,44,157,228,91,131,110,155,150,70,15,64,235,214,9,102,252,61,123,246,172,34,231,175,154,48,250,103,122,11,38,118,124,227,71,139,22,205,213,139,172,249,198,17,90,46,137,215,201,142,235,214,117,92,184,112,65,37,132,4,21,240,218,181,107,10,84,0,198,124,190,77,220,210,57,196,19,28,51,142,157,213,139,147,192,210,9,198,27,124,75,7,227,45,221,58,201,38,153,122,6,254,38,210,45,149,103,92,198,228,141,239,16,98,35,134,110,92,39,62,46,233,186,91,39,185,4,93,61,65,37,96,184,209,21,128,203,232,137,216,228,178,116,236,239,8,142,157,85,11,255,66,227,33,176,116,114,239,4,190,164,233,212,169,83,127,104,192,252,25,225,36,87,135,238,214,249,153,132,178,220,228,252,95,17,206,245,116,232,22,79,37,96,200,224,50,86,33,124,11,89,60,179,253,191,2,199,206,170,255,134,196,131,95,36,176,116,114,239,12,190,144,153,137,31,189,128,57,225,150,72,143,27,199,45,185,117,115,194,45,145,174,19,206,28,131,96,188,215,193,229,219,183,111,87,47,157,122,207,228,19,28,59,171,86,0,123,193,6,129,165,147,251,191,192,242,138,157,58,146,75,37,248,43,194,223,198,173,191,13,225,108,2,17,252,76,235,159,55,111,158,42,27,45,29,227,123,0,199,142,99,104,181,194,55,39,29,18,88,58,185,255,27,124,103,111,215,174,93,85,73,72,171,215,137,127,91,194,223,134,116,157,112,243,206,31,151,179,254,103,89,153,38,77,26,139,199,246,158,192,177,179,234,183,79,101,16,92,20,88,58,185,247,2,94,67,96,199,142,111,8,101,98,167,91,254,187,90,121,92,194,105,229,132,190,156,177,158,175,163,101,166,207,223,182,116,76,239,17,28,59,142,161,213,202,23,130,219,2,75,39,247,94,193,190,61,73,97,102,207,75,204,36,141,10,64,15,64,5,136,175,149,155,47,99,210,201,102,84,191,126,253,212,203,36,121,109,193,210,49,252,13,224,216,113,12,173,86,138,10,66,5,150,78,238,111,1,19,177,79,63,253,84,149,99,188,30,192,174,29,235,117,118,12,121,13,94,183,104,150,111,58,152,205,19,252,158,141,29,150,115,108,242,240,181,180,44,19,217,203,79,151,46,221,63,97,241,113,193,177,227,24,90,173,240,141,201,175,93,255,255,167,193,139,58,188,42,200,247,255,242,149,238,188,249,130,229,154,37,240,237,161,188,8,197,166,19,9,231,182,150,246,249,15,130,99,199,49,180,90,105,38,80,23,129,104,153,127,67,153,244,209,129,215,35,204,198,137,99,199,49,180,90,233,41,80,174,147,215,194,255,226,70,136,63,128,23,104,254,5,183,251,222,64,34,153,155,196,71,241,57,78,113,238,20,226,24,90,173,140,21,32,89,178,100,234,117,235,241,85,0,110,247,1,184,225,119,6,21,56,69,138,20,241,82,98,150,182,188,88,165,95,186,22,112,12,173,86,230,10,212,235,214,121,193,37,62,3,65,171,73,155,54,45,146,39,79,110,241,123,107,0,149,55,125,250,244,241,82,124,246,21,88,205,232,151,173,5,28,67,171,20,190,38,99,29,79,158,157,178,2,5,10,196,203,21,114,93,90,2,149,192,210,247,214,0,146,152,61,123,118,115,107,254,75,164,78,157,90,181,149,169,56,166,101,235,4,86,249,202,17,118,176,14,240,222,58,94,192,225,93,176,50,255,214,160,2,240,62,0,222,203,103,233,123,107,0,221,57,171,15,230,1,150,190,183,4,134,140,58,117,234,152,223,79,112,64,96,149,221,64,190,46,195,135,131,208,162,69,139,119,82,0,14,94,174,92,185,44,126,111,13,96,249,201,91,222,227,211,56,98,2,216,188,121,115,117,193,203,180,204,71,96,149,175,30,201,37,8,224,221,54,189,122,245,82,237,90,153,127,107,80,1,168,52,12,29,150,190,183,6,100,205,154,21,63,252,240,67,188,18,89,42,75,187,118,237,208,176,97,67,61,119,8,16,112,44,173,78,138,8,66,24,255,121,55,109,238,220,185,255,112,178,127,6,38,140,188,1,164,88,177,98,241,202,29,62,36,240,158,192,202,149,43,171,91,204,45,125,111,9,60,111,222,66,206,219,211,76,229,96,136,128,99,105,117,82,89,16,197,1,112,118,118,86,247,221,201,252,91,131,3,81,174,92,57,133,248,84,15,31,18,232,189,234,214,173,107,233,31,64,127,10,222,206,62,126,252,120,149,16,202,60,187,129,28,75,171,19,222,207,246,194,193,193,65,221,111,23,223,108,158,164,243,207,29,53,107,214,140,87,22,253,33,129,247,29,54,109,218,52,62,127,8,81,224,255,38,23,46,92,168,42,8,153,127,33,176,202,123,3,123,48,134,13,30,60,88,221,75,31,223,65,160,2,48,27,110,220,184,241,63,121,245,237,189,130,229,28,13,192,172,166,127,43,208,235,173,90,181,10,133,10,21,210,151,245,16,88,157,140,33,233,147,38,77,194,240,225,195,227,85,10,17,84,158,70,141,26,161,125,251,246,241,138,161,31,18,106,213,170,165,110,88,97,71,211,210,247,111,2,243,38,254,169,164,98,197,138,250,178,49,2,171,19,119,118,181,120,57,150,9,141,204,199,11,84,128,150,45,91,170,10,34,190,22,244,33,128,137,107,147,38,77,212,61,4,241,237,102,178,255,193,63,180,210,251,153,150,185,11,172,74,216,185,90,203,196,143,255,174,101,93,43,243,241,2,21,128,214,79,239,193,230,136,165,117,62,100,252,63,199,207,75,209,188,215,176,75,151,46,250,178,181,2,171,234,6,38,23,28,96,79,155,177,140,215,224,101,62,94,224,0,114,0,248,220,0,222,224,97,105,157,15,25,204,91,232,189,120,171,154,249,159,83,223,6,244,120,252,47,34,255,145,204,113,144,101,236,6,114,76,173,70,210,9,46,240,78,26,222,74,197,108,88,230,227,5,158,56,239,232,97,5,193,107,2,150,214,249,144,193,188,101,216,176,97,170,4,102,55,212,210,58,111,2,149,135,255,112,230,223,216,76,225,239,130,128,99,106,53,194,206,149,63,107,96,62,164,129,119,216,200,124,188,192,210,143,127,201,102,8,97,76,180,180,206,135,12,38,126,76,128,249,79,98,83,61,31,47,244,236,217,83,253,17,213,116,215,177,191,192,170,186,129,133,5,193,142,142,142,234,222,253,119,185,160,67,5,224,163,84,248,63,190,119,81,160,127,27,116,251,238,238,238,234,252,223,229,214,113,54,131,152,8,242,223,209,50,207,167,73,114,76,173,70,42,74,29,31,197,59,116,93,93,93,227,29,3,9,42,192,216,177,99,213,31,66,205,234,97,171,1,27,95,252,187,58,241,46,151,180,249,55,117,110,107,250,211,9,187,129,21,5,86,35,141,147,36,73,242,156,9,16,193,50,136,132,18,140,237,4,27,61,4,203,37,75,189,126,174,203,6,18,239,210,53,187,50,102,53,160,215,227,221,200,188,69,221,82,18,171,159,183,62,14,250,184,240,188,57,207,27,88,217,11,48,253,217,148,255,20,110,44,176,26,233,206,196,103,250,244,233,234,137,29,29,59,118,84,45,209,218,181,107,171,238,88,209,162,69,213,165,94,94,45,163,123,180,212,233,99,227,136,15,85,226,253,252,188,159,32,238,247,31,58,152,183,240,185,1,158,158,158,170,172,51,255,142,196,243,250,0,151,231,200,145,67,93,51,224,133,47,158,103,189,122,245,212,229,115,246,15,24,2,56,111,218,174,187,192,106,196,137,215,194,153,5,51,142,51,155,103,77,204,75,156,188,56,196,231,246,48,174,171,7,53,72,150,75,141,151,109,94,3,21,128,73,16,255,245,203,231,244,196,253,254,67,7,47,127,243,63,7,124,218,8,199,34,238,247,180,116,26,9,123,37,84,0,122,57,186,253,102,205,154,161,83,167,78,74,1,70,143,30,173,218,225,166,109,172,234,175,226,110,60,65,102,191,4,115,0,134,1,146,77,205,231,245,113,221,213,201,186,22,65,5,224,99,88,248,104,24,94,30,181,180,206,135,12,122,57,254,87,145,79,50,49,187,189,235,53,208,19,208,237,243,92,57,38,28,27,142,17,199,138,99,70,239,104,214,70,118,19,88,133,240,241,102,140,87,236,95,83,107,223,9,50,40,78,82,66,58,61,127,254,220,169,123,247,238,22,215,249,144,81,166,76,25,167,176,176,48,167,139,23,47,58,101,200,144,193,226,58,241,0,199,146,99,106,123,85,185,77,108,98,19,155,216,196,38,54,121,15,162,105,255,3,238,58,113,46,55,156,155,178,0,0,0,0,73,69,78,68,174,66,96,130],"Countries":null,"GenderID":5,"ConsentSharingID":1,"Subject":"Registration on Patient Portal","Body":"You\u0027re receiving this e-mail because you have requested for registration on Patient Portal.\u003c/br\u003ePlease go to the following link to activate your acoount: \u003cbr /\u003e\u003cbr /\u003e\u003ca href=\u0027http://localhost:63505/Registration/ActivateUser?token={0}\u0027\u003eActivate Account\u003c/a\u003e \u003cbr /\u003e\u003cbr /\u003e Thanks for using our site!\u003cbr /\u003e The Patient Portal Team."}
    POST    /PatientPortalAPI/API/PatientRegistration/PostRegisterPatient
    ${Response}    Get Response Body
    Response Status Code Should Equal    200
    Response Body Should Contain    RegisterSuccess

GET PatientAppointment
    [Tags]    API
    Create Http Context    10.10.2.40:8081
    Set Request Header    accept    application/json
    Set Request Header    Content-Type    application/json
    Set Basic Auth    PatientPortal    Spectra_42
    Get    /PatientPortalAPI/API/Appointment/GetPatientAppointmentById?patientAppointmentDetailID=13099375
    ${Response}    Get Response Body
    Response Status Code Should Equal    200
    Response Body Should Contain    13099375

POST PatientAppointment
    [Tags]    API
    Create Http Context    10.10.2.40:8081
    Set Request Header    accept    application/json
    Set Request Header    Content-Type    application/json
    Set Basic Auth    PatientPortal    Spectra_42
    Set Request Body    {"mailBody":"","IsEmailNotification":false,"Email":"udayakumar.p@yash.com","SubjectLine":"Appointment Request Details : ABC","PatientAppointmentDetail":{"PatientAppointmentDetailID":0,"PatientID":125,"AppointmentDate":"\/Date(1482949800000)\/","AppointmentStartTime":"\/Date(1481095800000)\/","AppointmentEndTime":"\/Date(1481097600000)\/","AppointmentBookDate":"\/Date(1481049000000)\/","ReasonForVisit":"SDSd","CreatedBy":125,"CreatedDate":"\/Date(1481049000000)\/","UpdatedBy":null,"UpdatedDate":null,"IsDeleted":false,"Status":"Booked","Action":null,"ProviderID":6,"SiteID":125,"Provider":null,"UserProfile":null}}
    POST    /PatientPortalAPI/API/Appointment/PostNewAppointment
    ${Response}    Get Response Body
    Response Status Code Should Equal    200
    Response Body Should Contain    AppointmentSuccess

PUT PatientAppointment
    [Tags]    API
    Create Http Context    10.10.2.40:8081
    Set Request Header    accept    application/json
    Set Request Header    Content-Type    application/json
    Set Basic Auth    PatientPortal    Spectra_42
    Set Request Body    {"mailBody":"","IsEmailNotification":false,"Email":"udayakumar.p@yash.com","SubjectLine":"General","PatientAppointmentDetail":{"PatientAppointmentDetailID":13099376,"PatientID":125,"AppointmentDate":"\/Date(1482431400000)\/","AppointmentStartTime":"\/Date(1481095800000)\/","AppointmentEndTime":"\/Date(1481097600000)\/","AppointmentBookDate":"\/Date(1481049000000)\/","ReasonForVisit":"Offcial","CreatedBy":125,"CreatedDate":"\/Date(1481049000000)\/","UpdatedBy":null,"UpdatedDate":null,"IsDeleted":false,"Status":"Booked","Action":null,"ProviderID":6,"SiteID":123,"Provider":null,"UserProfile":null}}
    POST    /PatientPortalAPI/API/Appointment/EditAppointment
    ${Response}    Get Response Body
    Response Status Code Should Equal    200
    Response Body Should Contain    AppointmentSuccess
    Create Http Context    10.10.2.40:8081
    Set Request Header    accept    application/json
    Set Request Header    Content-Type    application/json
    Set Basic Auth    PatientPortal    Spectra_42
    Get    /PatientPortalAPI/API/Appointment/GetPatientAppointmentById?patientAppointmentDetailID=13099375
    ${Response}    Get Response Body
    Response Status Code Should Equal    200
    Response Body Should Contain    General

PUT PatientAppointment with Fail
    [Tags]    API
    Create Http Context    10.10.2.40:8081
    Set Request Header    accept    application/json
    Set Request Header    Content-Type    application/json
    Set Basic Auth    PatientPortal    Spectra_42
    Set Request Body    {"mailBody":"","IsEmailNotification":false,"Email":"udayakumar.p@yash.com","SubjectLine":"General","PatientAppointmentDetail":{"PatientAppointmentDetailID":13099376,"PatientID":125,"AppointmentDate":"\/Date(1482431400000)\/","AppointmentStartTime":"\/Date(1481095800000)\/","AppointmentEndTime":"\/Date(1481097600000)\/","AppointmentBookDate":"\/Date(1481049000000)\/","ReasonForVisit":"Offcial","CreatedBy":125,"CreatedDate":"\/Date(1481049000000)\/","UpdatedBy":null,"UpdatedDate":null,"IsDeleted":false,"Status":"Booked","Action":null,"ProviderID":6,"SiteID":123,"Provider":null,"UserProfile":null}}
    POST    /PatientPortalAPI/API/Appointment/EditAppointment
    ${Response}    Get Response Body
    Response Status Code Should Equal    200
    Response Body Should Contain    AppointmentSuccess
    Create Http Context    10.10.2.40:8081
    Set Request Header    accept    application/json
    Set Request Header    Content-Type    application/json
    Set Basic Auth    PatientPortal    Spectra_42
    Get    /PatientPortalAPI/API/Appointment/GetPatientAppointmentById?patientAppointmentDetailID=13099375
    ${Response}    Get Response Body
    Response Status Code Should Equal    200
    Response Body Should Contain    123456
